10 4.440000 6.100000
20 0.030000 0.020000
30 0.040000 0.030000
40 0.040000 0.030000
50 0.040000 0.030000
60 0.040000 0.020000
70 0.050000 0.030000
80 0.050000 0.020000
90 0.140000 0.030000
100 0.070000 0.020000
110 0.060000 0.020000
120 0.070000 0.030000
130 0.070000 0.030000
140 0.080000 0.030000
150 0.080000 0.020000
160 0.080000 0.020000
170 0.080000 0.030000
180 0.090000 0.030000
190 0.100000 0.030000
200 0.100000 0.030000
210 0.100000 0.030000
220 0.110000 0.030000
230 0.110000 0.030000
240 0.110000 0.030000
250 0.120000 0.030000
260 0.120000 0.020000
270 0.120000 0.030000
280 0.130000 0.030000
290 0.130000 0.020000
300 0.140000 0.030000
310 0.140000 0.020000
320 0.150000 0.030000
330 0.150000 0.030000
340 0.150000 0.030000
350 0.150000 0.030000
360 0.160000 0.030000
370 0.170000 0.030000
380 0.170000 0.020000
390 0.170000 0.030000
400 0.170000 0.020000
410 0.240000 0.040000
420 0.190000 0.030000
430 0.190000 0.030000
440 0.190000 0.030000
450 0.200000 0.030000
460 0.200000 0.030000
470 0.200000 0.030000
480 0.210000 0.020000
490 0.210000 0.030000
500 0.210000 0.030000
510 0.220000 0.030000
520 0.230000 0.030000
530 0.230000 0.030000
540 0.240000 0.030000
550 0.240000 0.030000
560 0.240000 0.030000
570 0.240000 0.030000
580 0.250000 0.030000
590 0.390000 0.030000
600 0.260000 0.030000
610 0.260000 0.030000
620 0.260000 0.030000
630 0.270000 0.030000
640 0.280000 0.030000
650 0.280000 0.030000
660 0.280000 0.020000
670 0.280000 0.030000
680 0.290000 0.030000
690 0.280000 0.030000
700 0.300000 0.030000
710 0.290000 0.030000
720 0.300000 0.020000
730 0.310000 0.030000
740 0.320000 0.030000
750 0.320000 0.030000
760 0.320000 0.030000
770 0.320000 0.030000
780 0.320000 0.030000
790 0.330000 0.030000
800 0.340000 0.030000
810 0.340000 0.030000
820 0.350000 0.030000
830 0.350000 0.030000
840 0.350000 0.030000
850 0.360000 0.030000
860 0.360000 0.030000
870 0.360000 0.030000
880 0.360000 0.020000
890 0.370000 0.030000
900 0.370000 0.030000
910 0.370000 0.030000
920 0.380000 0.020000
930 0.380000 0.030000
940 0.390000 0.030000
950 0.400000 0.030000
960 0.400000 0.030000
970 0.400000 0.030000
980 0.410000 0.030000
990 0.410000 0.030000
1000 0.410000 0.030000
1010 0.410000 0.030000
1020 0.420000 0.030000
1030 0.420000 0.030000
1040 0.430000 0.030000
1050 0.430000 0.030000
1060 0.440000 0.030000
1070 0.440000 0.020000
1080 0.450000 0.030000
1090 0.450000 0.030000
1100 0.450000 0.030000
1110 0.450000 0.030000
1120 0.460000 0.030000
1130 0.460000 0.030000
1140 0.450000 0.020000
1150 0.460000 0.030000
1160 0.460000 0.030000
1170 0.470000 0.030000
1180 0.470000 0.030000
1190 0.690000 0.030000
1200 0.480000 0.030000
1210 0.480000 0.030000
1220 0.490000 0.030000
1230 0.490000 0.030000
1240 0.490000 0.030000
1250 0.500000 0.030000
1260 0.500000 0.030000
1270 0.500000 0.020000
1280 0.510000 0.030000
1290 0.510000 0.030000
1300 0.520000 0.030000
1310 0.520000 0.030000
1320 0.520000 0.030000
1330 0.530000 0.030000
1340 0.530000 0.030000
1350 0.530000 0.020000
1360 0.540000 0.030000
1370 0.540000 0.030000
1380 0.540000 0.030000
1390 0.550000 0.030000
1400 0.560000 0.030000
1410 0.550000 0.020000
1420 0.560000 0.020000
1430 0.570000 0.030000
1440 0.570000 0.030000
1450 0.580000 0.030000
1460 0.570000 0.030000
1470 0.580000 0.030000
1480 0.760000 0.110000
1490 0.680000 0.030000
1500 0.590000 0.030000
1510 0.670000 0.030000
1520 0.600000 0.030000
1530 0.600000 0.030000
1540 0.610000 0.030000
1550 0.610000 0.030000
1560 0.710000 0.030000
1570 0.710000 0.030000
1580 0.620000 0.030000
1590 0.630000 0.030000
1600 0.630000 0.030000
1610 0.630000 0.030000
1620 0.640000 0.030000
1630 0.640000 0.030000
1640 0.650000 0.030000
1650 0.880000 0.030000
1660 0.670000 0.030000
1670 0.680000 0.030000
1680 0.670000 0.030000
1690 0.680000 0.030000
1700 0.690000 0.030000
1710 1.010000 0.030000
1720 0.700000 0.030000
1730 0.700000 0.030000
1740 0.710000 0.030000
1750 0.710000 0.030000
1760 0.710000 0.030000
1770 0.720000 0.030000
1780 0.720000 0.030000
1790 0.720000 0.030000
1800 0.730000 0.030000
1810 0.730000 0.030000
1820 0.730000 0.030000
1830 0.740000 0.030000
1840 0.750000 0.030000
1850 0.750000 0.030000
1860 0.980000 0.030000
1870 0.750000 0.030000
1880 0.760000 0.040000
1890 0.760000 0.030000
1900 0.770000 0.030000
1910 0.770000 0.030000
1920 0.770000 0.030000
1930 0.780000 0.030000
1940 0.840000 0.030000
1950 0.760000 0.020000
1960 0.770000 0.030000
1970 0.780000 0.030000
1980 1.000000 0.030000
1990 0.800000 0.030000
2000 0.810000 0.030000
2010 0.810000 0.030000
2020 0.810000 0.030000
2030 0.820000 0.030000
2040 0.830000 0.030000
2050 0.830000 0.030000
2060 0.830000 0.030000
2070 0.830000 0.030000
2080 0.830000 0.040000
2090 0.840000 0.030000
2100 0.850000 0.030000
2110 0.850000 0.030000
2120 0.850000 0.030000
2130 0.850000 0.030000
2140 0.860000 0.030000
2150 0.870000 0.030000
2160 0.870000 0.040000
2170 0.870000 0.030000
2180 0.880000 0.030000
2190 1.040000 0.030000
2200 0.960000 0.030000
2210 1.050000 0.030000
2220 0.890000 0.030000
2230 0.890000 0.030000
2240 0.900000 0.030000
2250 0.900000 0.030000
2260 0.910000 0.030000
2270 0.910000 0.030000
2280 0.920000 0.030000
2290 0.900000 0.030000
2300 0.900000 0.030000
2310 0.900000 0.030000
2320 1.240000 0.030000
2330 0.930000 0.040000
2340 0.940000 0.030000
2350 0.940000 0.040000
2360 0.950000 0.030000
2370 0.950000 0.030000
2380 0.950000 0.030000
2390 0.950000 0.030000
2400 0.960000 0.030000
2410 1.160000 0.030000
2420 1.660000 0.030000
2430 1.670000 0.110000
2440 1.480000 0.030000
2450 1.550000 0.030000
2460 1.210000 0.030000
2470 1.620000 0.060000
2480 1.470000 0.070000
2490 1.030000 0.030000
2500 1.030000 0.030000
2510 1.030000 0.030000
2520 1.040000 0.030000
2530 1.040000 0.040000
2540 1.050000 0.030000
2550 1.040000 0.030000
2560 1.050000 0.040000
2570 1.060000 0.030000
2580 1.060000 0.030000
2590 1.140000 0.030000
2600 1.240000 0.030000
2610 1.080000 0.040000
2620 1.080000 0.030000
2630 1.080000 0.030000
2640 1.080000 0.030000
2650 1.090000 0.030000
2660 1.100000 0.030000
2670 1.100000 0.040000
2680 1.100000 0.030000
2690 1.100000 0.040000
2700 1.110000 0.030000
2710 1.110000 0.030000
2720 1.110000 0.030000
2730 1.120000 0.040000
2740 1.120000 0.040000
2750 1.130000 0.040000
2760 1.130000 0.040000
2770 1.140000 0.030000
2780 1.150000 0.030000
2790 1.150000 0.030000
2800 1.400000 0.040000
2810 1.210000 0.030000
2820 1.120000 0.030000
2830 1.130000 0.040000
2840 1.130000 0.030000
2850 1.140000 0.030000
2860 1.390000 0.030000
2870 1.140000 0.030000
2880 1.150000 0.030000
2890 1.150000 0.030000
2900 1.160000 0.030000
2910 1.150000 0.030000
2920 1.160000 0.030000
2930 1.170000 0.030000
2940 1.180000 0.040000
2950 1.510000 0.030000
2960 1.180000 0.030000
2970 1.180000 0.040000
2980 1.190000 0.030000
2990 1.190000 0.030000
3000 1.190000 0.030000
3010 1.200000 0.030000
3020 1.210000 0.030000
3030 1.210000 0.030000
3040 1.210000 0.030000
3050 1.210000 0.030000
3060 1.220000 0.030000
3070 1.230000 0.030000
3080 1.230000 0.030000
3090 1.230000 0.030000
3100 1.300000 0.030000
3110 1.200000 0.030000
3120 1.210000 0.030000
3130 1.340000 0.030000
3140 1.220000 0.030000
3150 1.220000 0.030000
3160 1.220000 0.030000
3170 1.230000 0.030000
3180 1.230000 0.030000
3190 1.240000 0.030000
3200 1.240000 0.030000
3210 1.240000 0.030000
3220 1.250000 0.030000
3230 1.260000 0.030000
3240 1.260000 0.030000
3250 1.270000 0.030000
3260 1.270000 0.030000
3270 1.270000 0.030000
3280 1.270000 0.030000
3290 1.270000 0.040000
3300 1.280000 0.030000
3310 1.290000 0.030000
3320 1.290000 0.030000
3330 1.290000 0.030000
3340 1.300000 0.030000
3350 1.300000 0.030000
3360 1.300000 0.030000
3370 1.300000 0.040000
3380 1.500000 0.030000
3390 1.320000 0.030000
3400 1.320000 0.030000
3410 1.320000 0.030000
3420 1.330000 0.030000
3430 1.330000 0.030000
3440 1.330000 0.030000
3450 1.330000 0.030000
3460 1.430000 0.030000
3470 1.450000 0.030000
3480 1.410000 0.030000
3490 1.350000 0.030000
3500 1.770000 0.030000
3510 1.400000 0.030000
3520 1.410000 0.030000
3530 1.410000 0.030000
3540 1.410000 0.030000
3550 1.410000 0.030000
3560 1.410000 0.030000
3570 1.420000 0.030000
3580 1.430000 0.030000
3590 1.900000 0.030000
3600 1.440000 0.030000
3610 1.570000 0.030000
3620 1.520000 0.040000
3630 1.440000 0.030000
3640 1.450000 0.030000
3650 1.450000 0.040000
3660 1.460000 0.030000
3670 1.450000 0.030000
3680 1.470000 0.030000
3690 1.470000 0.030000
3700 1.470000 0.030000
3710 1.470000 0.030000
3720 1.480000 0.030000
3730 1.480000 0.030000
3740 1.490000 0.030000
3750 1.490000 0.030000
3760 1.490000 0.030000
3770 1.510000 0.030000
3780 1.510000 0.030000
3790 1.510000 0.030000
3800 1.510000 0.030000
3810 1.580000 0.030000
3820 1.750000 0.030000
3830 1.800000 0.030000
3840 1.600000 0.030000
3850 1.530000 0.040000
3860 1.530000 0.030000
3870 1.530000 0.040000
3880 1.550000 0.030000
3890 1.550000 0.040000
3900 1.550000 0.030000
3910 1.550000 0.030000
3920 1.560000 0.030000
3930 1.560000 0.030000
3940 1.810000 0.030000
3950 1.640000 0.040000
3960 1.570000 0.030000
3970 1.580000 0.030000
3980 1.590000 0.040000
3990 1.580000 0.030000
4000 1.590000 0.030000
4010 1.590000 0.030000
4020 1.670000 0.040000
4030 1.560000 0.030000
4040 1.680000 0.030000
4050 1.570000 0.030000
4060 1.570000 0.030000
4070 1.570000 0.040000
4080 1.580000 0.030000
4090 1.590000 0.030000
4100 2.000000 0.030000
4110 1.590000 0.030000
4120 1.600000 0.030000
4130 1.610000 0.030000
4140 1.600000 0.040000
4150 1.610000 0.030000
4160 1.730000 0.040000
4170 1.660000 0.030000
4180 1.660000 0.040000
4190 1.660000 0.030000
4200 1.670000 0.030000
4210 1.670000 0.030000
4220 1.680000 0.030000
4230 1.690000 0.030000
4240 1.680000 0.030000
4250 1.910000 0.040000
4260 1.690000 0.040000
4270 1.700000 0.030000
4280 1.700000 0.030000
4290 1.700000 0.030000
4300 1.710000 0.030000
4310 1.710000 0.040000
4320 1.710000 0.030000
4330 1.780000 0.030000
4340 1.670000 0.030000
4350 1.850000 0.030000
4360 1.690000 0.040000
4370 1.690000 0.040000
4380 1.760000 0.030000
4390 1.690000 0.030000
4400 1.710000 0.030000
4410 1.700000 0.030000
4420 1.710000 0.030000
4430 1.710000 0.030000
4440 1.720000 0.030000
4450 1.750000 0.040000
4460 1.720000 0.030000
4470 1.730000 0.030000
4480 1.730000 0.040000
4490 1.740000 0.040000
4500 1.740000 0.030000
4510 1.740000 0.030000
4520 1.740000 0.040000
4530 1.750000 0.030000
4540 1.760000 0.030000
4550 1.840000 0.030000
4560 1.760000 0.040000
4570 1.760000 0.040000
4580 1.770000 0.030000
4590 1.780000 0.030000
4600 1.770000 0.030000
4610 1.860000 0.030000
4620 1.870000 0.030000
4630 1.790000 0.030000
4640 1.980000 0.030000
4650 1.800000 0.030000
4660 2.060000 0.030000
4670 1.800000 0.030000
4680 1.890000 0.030000
4690 1.900000 0.030000
4700 2.140000 0.030000
4710 1.820000 0.030000
4720 1.830000 0.030000
4730 1.820000 0.040000
4740 1.960000 0.030000
4750 1.890000 0.030000
4760 2.130000 0.030000
4770 1.950000 0.030000
4780 1.900000 0.030000
4790 1.910000 0.030000
4800 1.910000 0.030000
4810 1.920000 0.030000
4820 1.970000 0.030000
4830 1.910000 0.040000
4840 1.910000 0.040000
4850 1.920000 0.030000
4860 1.960000 0.040000
4870 1.930000 0.040000
4880 1.930000 0.040000
4890 2.000000 0.030000
4900 1.890000 0.030000
4910 1.900000 0.030000
4920 1.910000 0.030000
4930 1.900000 0.030000
4940 1.900000 0.040000
4950 1.910000 0.030000
4960 1.910000 0.030000
4970 1.910000 0.030000
4980 1.920000 0.030000
4990 1.920000 0.040000
5000 1.950000 0.030000
5010 1.930000 0.030000
5020 2.020000 0.030000
5030 1.950000 0.030000
5040 1.960000 0.030000
5050 1.940000 0.040000
5060 1.950000 0.040000
5070 1.960000 0.030000
5080 1.960000 0.030000
5090 1.970000 0.030000
5100 1.970000 0.030000
5110 1.970000 0.030000
5120 1.980000 0.030000
5130 1.980000 0.030000
5140 2.050000 0.030000
5150 2.270000 0.060000
5160 2.580000 0.030000
5170 2.220000 0.030000
5180 2.010000 0.030000
5190 2.490000 0.030000
5200 2.000000 0.030000
5210 2.020000 0.030000
5220 2.010000 0.030000
5230 2.030000 0.030000
5240 2.020000 0.030000
5250 2.020000 0.030000
5260 2.120000 0.030000
5270 2.090000 0.030000
5280 2.090000 0.040000
5290 2.110000 0.030000
5300 2.100000 0.030000
5310 2.110000 0.030000
5320 2.100000 0.030000
5330 2.110000 0.040000
5340 2.140000 0.040000
5350 2.120000 0.030000
5360 2.130000 0.040000
5370 2.130000 0.040000
5380 2.290000 0.040000
5390 2.140000 0.040000
5400 2.270000 0.040000
5410 2.090000 0.040000
5420 2.100000 0.030000
5430 2.090000 0.030000
5440 2.090000 0.040000
5450 2.100000 0.040000
5460 2.110000 0.030000
5470 2.620000 0.040000
5480 2.170000 0.030000
5490 2.110000 0.030000
5500 2.420000 0.030000
5510 2.180000 0.030000
5520 2.190000 0.030000
5530 2.200000 0.030000
5540 2.200000 0.030000
5550 2.190000 0.030000
5560 2.210000 0.030000
5570 2.210000 0.030000
5580 2.210000 0.040000
5590 2.220000 0.030000
5600 2.210000 0.040000
5610 2.220000 0.030000
5620 2.230000 0.030000
5630 2.230000 0.030000
5640 2.230000 0.040000
5650 2.190000 0.030000
5660 2.400000 0.040000
5670 2.190000 0.030000
5680 2.680000 0.030000
5690 2.190000 0.030000
5700 2.200000 0.040000
5710 2.200000 0.030000
5720 2.210000 0.030000
5730 2.220000 0.030000
5740 2.310000 0.030000
5750 2.280000 0.030000
5760 2.280000 0.030000
5770 2.290000 0.030000
5780 2.290000 0.030000
5790 2.460000 0.030000
5800 2.360000 0.040000
5810 2.330000 0.040000
5820 2.310000 0.030000
5830 2.300000 0.030000
5840 2.310000 0.030000
5850 2.310000 0.040000
5860 2.320000 0.030000
5870 2.330000 0.110000
5880 2.270000 0.030000
5890 2.270000 0.030000
5900 2.270000 0.030000
5910 2.280000 0.030000
5920 2.290000 0.030000
5930 2.300000 0.030000
5940 2.290000 0.030000
5950 2.470000 0.030000
5960 2.480000 0.030000
5970 2.290000 0.040000
5980 2.310000 0.040000
5990 2.300000 0.040000
6000 2.310000 0.030000
6010 2.310000 0.040000
6020 2.320000 0.030000
6030 2.680000 0.030000
6040 2.320000 0.040000
6050 2.330000 0.030000
6060 2.330000 0.030000
6070 2.330000 0.030000
6080 2.340000 0.030000
6090 2.350000 0.040000
6100 2.440000 0.040000
6110 3.030000 0.030000
6120 2.470000 0.030000
6130 2.420000 0.040000
6140 2.430000 0.030000
6150 2.430000 0.040000
6160 2.430000 0.030000
6170 2.440000 0.030000
6180 2.440000 0.040000
6190 2.450000 0.030000
6200 2.460000 0.030000
6210 2.450000 0.030000
6220 2.470000 0.030000
6230 2.460000 0.030000
6240 2.470000 0.030000
6250 2.500000 0.030000
6260 2.600000 0.040000
6270 2.420000 0.040000
6280 2.420000 0.030000
6290 2.420000 0.040000
6300 2.440000 0.030000
6310 2.440000 0.030000
6320 2.440000 0.030000
6330 2.430000 0.040000
6340 2.450000 0.030000
6350 2.450000 0.030000
6360 2.450000 0.030000
6370 2.460000 0.030000
6380 2.460000 0.040000
6390 2.460000 0.030000
6400 2.500000 0.030000
6410 2.470000 0.030000
6420 2.480000 0.030000
6430 2.480000 0.030000
6440 2.480000 0.030000
6450 2.480000 0.030000
6460 2.500000 0.030000
6470 2.500000 0.030000
6480 2.490000 0.030000
6490 2.500000 0.030000
6500 2.500000 0.040000
6510 2.500000 0.030000
6520 2.510000 0.030000
6530 2.510000 0.030000
6540 2.830000 0.030000
6550 2.760000 0.030000
6560 2.590000 0.030000
6570 2.600000 0.030000
6580 2.600000 0.030000
6590 2.600000 0.030000
6600 2.620000 0.030000
6610 2.620000 0.030000
6620 2.620000 0.030000
6630 2.780000 0.030000
6640 2.630000 0.040000
6650 2.620000 0.040000
6660 2.640000 0.030000
6670 2.690000 0.030000
6680 2.760000 0.030000
6690 2.630000 0.040000
6700 3.090000 0.040000
6710 2.580000 0.030000
6720 2.600000 0.030000
6730 2.590000 0.030000
6740 2.590000 0.040000
6750 2.590000 0.030000
6760 2.610000 0.040000
6770 2.600000 0.040000
6780 2.620000 0.030000
6790 2.620000 0.030000
6800 2.630000 0.030000
6810 2.620000 0.030000
6820 2.660000 0.030000
6830 2.630000 0.030000
6840 2.640000 0.030000
6850 2.640000 0.030000
6860 2.630000 0.030000
6870 2.660000 0.030000
6880 2.650000 0.040000
6890 2.650000 0.030000
6900 2.660000 0.040000
6910 2.920000 0.040000
6920 3.450000 0.030000
6930 2.660000 0.030000
6940 2.670000 0.040000
6950 2.900000 0.030000
6960 2.940000 0.030000
6970 2.830000 0.030000
6980 2.840000 0.040000
6990 2.840000 0.040000
7000 2.850000 0.030000
7010 2.850000 0.040000
7020 2.860000 0.030000
7030 2.850000 0.030000
7040 2.860000 0.030000
7050 2.860000 0.030000
7060 2.870000 0.040000
7070 2.880000 0.030000
7080 2.730000 0.030000
7090 2.730000 0.030000
7100 2.750000 0.030000
7110 2.750000 0.030000
7120 2.750000 0.040000
7130 2.740000 0.030000
7140 2.750000 0.030000
7150 2.750000 0.030000
7160 2.750000 0.030000
7170 2.940000 0.030000
7180 2.850000 0.040000
7190 2.860000 0.030000
7200 3.050000 0.030000
7210 2.880000 0.040000
7220 2.910000 0.030000
7230 2.870000 0.030000
7240 3.190000 0.030000
7250 2.880000 0.030000
7260 2.870000 0.030000
7270 2.870000 0.030000
7280 2.880000 0.030000
7290 2.870000 0.030000
7300 2.980000 0.030000
7310 2.970000 0.030000
7320 2.900000 0.030000
7330 2.970000 0.030000
7340 2.890000 0.030000
7350 2.920000 0.030000
7360 2.910000 0.030000
7370 2.920000 0.040000
7380 2.920000 0.030000
7390 2.930000 0.030000
7400 2.940000 0.030000
7410 2.940000 0.030000
7420 2.920000 0.030000
7430 2.930000 0.030000
7440 3.010000 0.040000
7450 3.060000 0.030000
7460 2.870000 0.030000
7470 2.870000 0.030000
7480 2.940000 0.040000
7490 2.890000 0.030000
7500 3.040000 0.040000
7510 2.890000 0.030000
7520 2.880000 0.030000
7530 2.910000 0.030000
7540 3.070000 0.030000
7550 2.890000 0.030000
7560 3.440000 0.030000
7570 3.140000 0.030000
7580 3.020000 0.030000
7590 2.990000 0.040000
7600 3.010000 0.040000
7610 3.000000 0.040000
7620 3.010000 0.030000
7630 3.340000 0.040000
7640 3.020000 0.030000
7650 3.020000 0.040000
7660 3.030000 0.030000
7670 3.190000 0.030000
7680 3.180000 0.030000
7690 3.110000 0.030000
7700 3.220000 0.030000
7710 3.040000 0.030000
7720 3.120000 0.030000
7730 3.370000 0.030000
7740 3.060000 0.030000
7750 3.060000 0.030000
7760 3.070000 0.040000
7770 3.070000 0.030000
7780 3.080000 0.040000
7790 3.080000 0.070000
7800 3.090000 0.030000
7810 3.080000 0.040000
7820 3.100000 0.030000
7830 3.080000 0.030000
7840 3.110000 0.030000
7850 3.130000 0.030000
7860 3.020000 0.030000
7870 3.030000 0.030000
7880 3.040000 0.030000
7890 3.040000 0.030000
7900 3.040000 0.030000
7910 3.250000 0.030000
7920 3.050000 0.030000
7930 3.060000 0.030000
7940 3.050000 0.030000
7950 3.060000 0.030000
7960 3.620000 0.040000
7970 3.080000 0.030000
7980 3.170000 0.030000
7990 3.160000 0.030000
8000 3.160000 0.030000
8010 3.160000 0.030000
8020 3.170000 0.030000
8030 3.210000 0.040000
8040 3.190000 0.030000
8050 3.190000 0.030000
8060 3.180000 0.040000
8070 3.190000 0.030000
8080 3.240000 0.030000
8090 3.270000 0.040000
8100 3.110000 0.030000
8110 3.120000 0.040000
8120 3.130000 0.030000
8130 3.120000 0.030000
8140 3.160000 0.030000
8150 3.300000 0.030000
8160 3.230000 0.030000
8170 3.150000 0.030000
8180 3.140000 0.030000
8190 3.200000 0.030000
8200 3.160000 0.030000
8210 3.160000 0.040000
8220 3.600000 0.040000
8230 3.160000 0.040000
8240 3.170000 0.040000
8250 3.180000 0.030000
8260 3.390000 0.030000
8270 3.320000 0.030000
8280 3.270000 0.040000
8290 3.270000 0.030000
8300 3.280000 0.030000
8310 3.600000 0.040000
8320 3.280000 0.040000
8330 3.290000 0.040000
8340 3.300000 0.040000
8350 3.300000 0.040000
8360 3.290000 0.030000
8370 3.330000 0.040000
8380 3.300000 0.040000
8390 3.640000 0.030000
8400 3.320000 0.030000
8410 3.310000 0.040000
8420 3.410000 0.030000
8430 3.250000 0.030000
8440 3.240000 0.030000
8450 3.430000 0.030000
8460 3.250000 0.030000
8470 3.260000 0.030000
8480 3.620000 0.030000
8490 3.270000 0.030000
8500 3.440000 0.040000
8510 3.270000 0.040000
8520 3.270000 0.030000
8530 3.270000 0.030000
8540 3.290000 0.030000
8550 3.280000 0.030000
8560 3.290000 0.030000
8570 3.290000 0.030000
8580 3.300000 0.030000
8590 3.610000 0.040000
8600 3.310000 0.030000
8610 3.720000 0.040000
8620 3.560000 0.040000
8630 3.310000 0.030000
8640 3.380000 0.040000
8650 3.460000 0.030000
8660 3.520000 0.040000
8670 3.510000 0.030000
8680 3.510000 0.030000
8690 3.570000 0.040000
8700 3.520000 0.030000
8710 3.530000 0.030000
8720 3.530000 0.040000
8730 3.550000 0.030000
8740 3.610000 0.040000
8750 3.450000 0.030000
8760 3.460000 0.030000
8770 3.460000 0.040000
8780 3.460000 0.030000
8790 3.470000 0.030000
8800 3.670000 0.030000
8810 3.380000 0.040000
8820 3.390000 0.030000
8830 3.390000 0.030000
8840 3.410000 0.040000
8850 3.410000 0.030000
8860 3.390000 0.030000
8870 3.420000 0.040000
8880 3.580000 0.030000
8890 3.420000 0.030000
8900 3.440000 0.030000
8910 3.510000 0.040000
8920 3.420000 0.030000
8930 3.520000 0.120000
8940 3.690000 0.040000
8950 3.440000 0.030000
8960 3.450000 0.030000
8970 3.680000 0.040000
8980 3.540000 0.040000
8990 3.560000 0.030000
9000 3.560000 0.040000
9010 3.620000 0.030000
9020 3.570000 0.030000
9030 3.570000 0.030000
9040 3.570000 0.030000
9050 3.730000 0.030000
9060 3.740000 0.040000
9070 3.550000 0.030000
9080 3.500000 0.030000
9090 3.500000 0.030000
9100 3.500000 0.040000
9110 4.020000 0.030000
9120 3.520000 0.030000
9130 3.500000 0.040000
9140 3.510000 0.040000
9150 3.520000 0.030000
9160 3.520000 0.030000
9170 3.520000 0.030000
9180 3.520000 0.030000
9190 3.540000 0.030000
9200 3.530000 0.030000
9210 3.660000 0.030000
9220 4.260000 0.030000
9230 3.650000 0.030000
9240 3.650000 0.040000
9250 3.660000 0.040000
9260 3.650000 0.030000
9270 29.730000 0.040000
9280 3.570000 0.030000
9290 3.580000 0.040000
9300 3.580000 0.040000
9310 3.960000 0.030000
9320 3.570000 0.040000
9330 3.600000 0.040000
9340 3.590000 0.040000
9350 3.800000 0.040000
9360 4.120000 0.030000
9370 3.780000 0.030000
9380 3.600000 0.040000
9390 3.610000 0.030000
9400 3.600000 0.030000
9410 3.730000 0.040000
9420 3.710000 0.030000
9430 3.730000 0.030000
9440 3.740000 0.030000
9450 3.800000 0.030000
9460 3.720000 0.030000
9470 3.840000 0.030000
9480 3.750000 0.040000
9490 3.760000 0.030000
9500 3.760000 0.030000
9510 3.660000 0.030000
9520 3.650000 0.030000
9530 4.500000 0.030000
9540 3.750000 0.040000
9550 3.670000 0.030000
9560 3.820000 0.040000
9570 3.780000 0.030000
9580 3.770000 0.030000
9590 3.790000 0.030000
9600 3.790000 0.040000
9610 3.790000 0.040000
9620 3.790000 0.030000
9630 3.880000 0.040000
9640 4.270000 0.030000
9650 3.800000 0.040000
9660 3.810000 0.030000
9670 3.880000 0.040000
9680 3.810000 0.030000
9690 3.830000 0.030000
9700 3.830000 0.030000
9710 3.910000 0.040000
9720 3.840000 0.040000
9730 3.830000 0.040000
9740 4.040000 0.040000
9750 3.740000 0.030000
9760 3.740000 0.040000
9770 4.190000 0.030000
9780 3.770000 0.030000
9790 3.770000 0.030000
9800 3.770000 0.030000
9810 3.760000 0.040000
9820 3.770000 0.030000
9830 3.890000 0.040000
9840 3.800000 0.030000
9850 3.800000 0.030000
9860 3.790000 0.030000
9870 3.850000 0.040000
9880 3.810000 0.030000
9890 3.790000 0.030000
9900 4.210000 0.030000
9910 3.810000 0.030000
9920 3.890000 0.030000
9930 4.100000 0.030000
9940 3.910000 0.040000
9950 3.920000 0.030000
9960 3.930000 0.040000
9970 3.930000 0.040000
9980 3.930000 0.040000
9990 3.960000 0.030000
